open,high,low,close,volume,minutes_since_day_start,minutes_since_week_start,next_open,next_close,next_low,next_high,next_volume
187.8,187.8,187.8,187.8,3539,419,4739,187.8,187.8,187.4,187.9,17151.0
187.8,187.9,187.4,187.8,17151,420,4740,187.8,188.3,187.5,188.4,50573.0
187.8,188.4,187.5,188.3,50573,421,4741,188.3,188.2,188.0,188.3,22493.0
188.3,188.3,188.0,188.2,22493,422,4742,188.1,188.1,187.9,188.2,25672.0
188.1,188.2,187.9,188.1,25672,423,4743,188.0,188.4,188.0,188.4,27806.0
188.0,188.4,188.0,188.4,27806,424,4744,188.4,188.6,188.3,188.6,48324.0
188.4,188.6,188.3,188.6,48324,425,4745,188.6,188.1,188.1,188.8,53189.0
188.6,188.8,188.1,188.1,53189,426,4746,188.1,188.1,188.0,188.4,18723.0
188.1,188.4,188.0,188.1,18723,427,4747,188.3,188.1,188.0,188.3,5102.0
188.3,188.3,188.0,188.1,5102,428,4748,188.1,188.3,188.0,188.3,9962.0
188.1,188.3,188.0,188.3,9962,429,4749,188.2,187.8,187.8,188.3,27929.0
188.2,188.3,187.8,187.8,27929,430,4750,187.8,187.8,187.7,187.9,11634.0
187.8,187.9,187.7,187.8,11634,431,4751,187.8,187.6,187.5,187.9,14733.0
187.8,187.9,187.5,187.6,14733,432,4752,187.6,188.0,187.5,188.0,29885.0
187.6,188.0,187.5,188.0,29885,433,4753,188.0,188.1,187.9,188.1,7782.0
188.0,188.1,187.9,188.1,7782,434,4754,188.0,188.4,188.0,188.4,24997.0
188.0,188.4,188.0,188.4,24997,435,4755,188.3,188.0,188.0,188.4,16378.0
188.3,188.4,188.0,188.0,16378,436,4756,188.0,188.3,188.0,188.4,13900.0
188.0,188.4,188.0,188.3,13900,437,4757,188.3,188.5,188.1,188.7,34555.0
188.3,188.7,188.1,188.5,34555,438,4758,188.5,188.6,188.3,188.7,18727.0
188.5,188.7,188.3,188.6,18727,439,4759,188.6,188.6,188.4,188.6,9424.0
188.6,188.6,188.4,188.6,9424,440,4760,188.6,188.5,188.4,188.6,4218.0
188.6,188.6,188.4,188.5,4218,441,4761,188.5,188.3,188.1,188.5,11562.0
188.5,188.5,188.1,188.3,11562,442,4762,188.3,189.0,188.1,189.5,156203.0
188.3,189.5,188.1,189.0,156203,443,4763,189.0,188.9,188.7,189.0,11837.0
189.0,189.0,188.7,188.9,11837,444,4764,188.9,189.1,188.8,189.3,26696.0
188.9,189.3,188.8,189.1,26696,445,4765,189.0,188.6,188.6,189.0,25339.0
189.0,189.0,188.6,188.6,25339,446,4766,188.7,188.8,188.4,188.8,27639.0
188.7,188.8,188.4,188.8,27639,447,4767,188.8,189.2,188.8,189.4,34628.0
188.8,189.4,188.8,189.2,34628,448,4768,189.1,189.0,189.0,189.2,5300.0
189.1,189.2,189.0,189.0,5300,449,4769,189.1,188.9,188.8,189.2,5990.0
189.1,189.2,188.8,188.9,5990,450,4770,188.8,188.9,188.7,189.0,5386.0
188.8,189.0,188.7,188.9,5386,451,4771,188.8,188.8,188.8,189.0,5862.0
188.8,189.0,188.8,188.8,5862,452,4772,188.9,188.9,188.7,188.9,996.0
188.9,188.9,188.7,188.9,996,453,4773,188.8,188.7,188.6,188.8,11705.0
188.8,188.8,188.6,188.7,11705,454,4774,188.6,188.7,188.6,188.8,2459.0
188.6,188.8,188.6,188.7,2459,455,4775,188.7,188.7,188.7,188.8,5876.0
188.7,188.8,188.7,188.7,5876,456,4776,188.8,188.7,188.7,188.8,609.0
188.8,188.8,188.7,188.7,609,457,4777,188.8,188.9,188.7,188.9,5565.0
188.8,188.9,188.7,188.9,5565,458,4778,188.9,188.9,188.8,189.0,2601.0
188.9,189.0,188.8,188.9,2601,459,4779,189.0,189.3,188.9,189.3,23835.0
189.0,189.3,188.9,189.3,23835,460,4780,189.3,189.1,189.0,189.4,9853.0
189.3,189.4,189.0,189.1,9853,461,4781,189.1,189.5,189.1,189.5,27321.0
189.1,189.5,189.1,189.5,27321,462,4782,189.5,189.9,189.3,190.0,227021.0
189.5,190.0,189.3,189.9,227021,463,4783,189.9,189.6,189.5,189.9,41674.0
189.9,189.9,189.5,189.6,41674,464,4784,189.5,191.0,189.5,191.1,261319.0
189.5,191.1,189.5,191.0,261319,465,4785,191.0,191.1,191.0,191.4,145718.0
191.0,191.4,191.0,191.1,145718,466,4786,191.0,191.1,191.0,191.3,74515.0
191.0,191.3,191.0,191.1,74515,467,4787,191.1,192.0,191.0,192.1,149873.0
191.1,192.1,191.0,192.0,149873,468,4788,192.0,191.8,191.5,192.1,62179.0
192.0,192.1,191.5,191.8,62179,469,4789,191.7,191.7,191.5,192.0,72722.0
191.7,192.0,191.5,191.7,72722,470,4790,191.7,191.4,191.3,191.9,96266.0
191.7,191.9,191.3,191.4,96266,471,4791,191.4,191.6,191.3,191.6,38428.0
191.4,191.6,191.3,191.6,38428,472,4792,191.6,191.5,191.4,191.7,19972.0
191.6,191.7,191.4,191.5,19972,473,4793,191.4,191.5,191.4,191.7,19949.0
191.4,191.7,191.4,191.5,19949,474,4794,191.6,192.2,191.5,192.6,117778.0
191.6,192.6,191.5,192.2,117778,475,4795,192.3,192.2,191.9,192.5,39889.0
192.3,192.5,191.9,192.2,39889,476,4796,192.1,192.4,192.0,192.6,53938.0
192.1,192.6,192.0,192.4,53938,477,4797,192.3,193.2,192.3,193.7,319718.0
192.3,193.7,192.3,193.2,319718,478,4798,193.1,193.9,193.0,193.9,69276.0
193.1,193.9,193.0,193.9,69276,479,4799,193.8,193.4,193.3,194.3,141552.0
193.8,194.3,193.3,193.4,141552,480,4800,193.5,193.5,193.1,193.7,81899.0
193.5,193.7,193.1,193.5,81899,481,4801,193.5,194.4,193.3,194.6,141529.0
193.5,194.6,193.3,194.4,141529,482,4802,194.4,194.2,194.2,194.5,145746.0
194.4,194.5,194.2,194.2,145746,483,4803,194.3,193.7,193.7,194.4,120275.0
194.3,194.4,193.7,193.7,120275,484,4804,193.7,193.5,193.3,194.0,148946.0
193.7,194.0,193.3,193.5,148946,485,4805,193.6,194.1,193.5,194.1,73924.0
193.6,194.1,193.5,194.1,73924,486,4806,194.1,194.0,193.7,194.1,33886.0
194.1,194.1,193.7,194.0,33886,487,4807,193.9,193.7,193.6,194.0,37856.0
193.9,194.0,193.6,193.7,37856,488,4808,193.6,193.4,193.4,193.7,108320.0
193.6,193.7,193.4,193.4,108320,489,4809,193.4,193.1,193.0,193.5,110835.0
193.4,193.5,193.0,193.1,110835,490,4810,193.0,192.9,192.8,193.2,143226.0
193.0,193.2,192.8,192.9,143226,491,4811,192.9,193.0,192.8,193.0,33869.0
192.9,193.0,192.8,193.0,33869,492,4812,192.9,193.0,192.9,193.2,38131.0
192.9,193.2,192.9,193.0,38131,493,4813,193.0,193.0,192.8,193.0,23420.0
193.0,193.0,192.8,193.0,23420,494,4814,192.9,193.1,192.9,193.3,57549.0
192.9,193.3,192.9,193.1,57549,495,4815,193.2,193.3,192.8,193.6,45556.0
193.2,193.6,192.8,193.3,45556,496,4816,193.3,193.5,193.3,193.7,63926.0
193.3,193.7,193.3,193.5,63926,497,4817,193.5,193.4,193.2,193.6,8721.0
193.5,193.6,193.2,193.4,8721,498,4818,193.4,193.2,193.2,193.6,20373.0
193.4,193.6,193.2,193.2,20373,499,4819,193.2,192.9,192.6,193.2,58711.0
193.2,193.2,192.6,192.9,58711,500,4820,192.7,192.5,192.4,192.7,76332.0
192.7,192.7,192.4,192.5,76332,501,4821,192.6,193.1,192.5,193.1,34601.0
192.6,193.1,192.5,193.1,34601,502,4822,193.1,192.9,192.8,193.1,12233.0
193.1,193.1,192.8,192.9,12233,503,4823,192.8,192.8,192.7,193.0,18418.0
192.8,193.0,192.7,192.8,18418,504,4824,192.9,193.1,192.8,193.1,10735.0
192.9,193.1,192.8,193.1,10735,505,4825,193.1,193.3,193.0,193.4,30595.0
193.1,193.4,193.0,193.3,30595,506,4826,193.3,193.2,193.1,193.3,4798.0
193.3,193.3,193.1,193.2,4798,507,4827,193.2,193.0,193.0,193.2,13017.0
193.2,193.2,193.0,193.0,13017,508,4828,193.1,192.9,192.8,193.1,10284.0
193.1,193.1,192.8,192.9,10284,509,4829,192.8,192.9,192.8,193.0,11544.0
192.8,193.0,192.8,192.9,11544,510,4830,193.0,193.0,192.8,193.0,16116.0
193.0,193.0,192.8,193.0,16116,511,4831,193.0,192.9,192.9,193.0,9842.0
193.0,193.0,192.9,192.9,9842,512,4832,192.9,193.8,192.9,193.8,103024.0
192.9,193.8,192.9,193.8,103024,513,4833,193.7,193.8,193.5,193.8,26240.0
193.7,193.8,193.5,193.8,26240,514,4834,193.8,194.3,193.7,194.4,177941.0
193.8,194.4,193.7,194.3,177941,515,4835,194.3,194.1,193.9,194.5,59245.0
194.3,194.5,193.9,194.1,59245,516,4836,194.1,194.2,193.9,194.3,28701.0
194.1,194.3,193.9,194.2,28701,517,4837,194.0,194.0,193.9,194.3,72523.0
194.0,194.3,193.9,194.0,72523,518,4838,194.2,194.1,194.0,194.2,17478.0
194.2,194.2,194.0,194.1,17478,519,4839,194.1,193.9,193.8,194.1,19496.0
194.1,194.1,193.8,193.9,19496,520,4840,193.9,193.8,193.7,193.9,37332.0
193.9,193.9,193.7,193.8,37332,521,4841,193.8,194.1,193.7,194.1,35716.0
193.8,194.1,193.7,194.1,35716,522,4842,194.1,194.6,194.1,194.6,61867.0
194.1,194.6,194.1,194.6,61867,523,4843,194.6,195.0,194.5,195.1,301888.0
194.6,195.1,194.5,195.0,301888,524,4844,195.0,195.3,194.7,195.4,110875.0
195.0,195.4,194.7,195.3,110875,525,4845,195.4,195.5,194.9,195.6,91756.0
195.4,195.6,194.9,195.5,91756,526,4846,195.4,194.6,194.6,195.5,98645.0
195.4,195.5,194.6,194.6,98645,527,4847,194.6,194.2,194.0,194.8,125660.0
194.6,194.8,194.0,194.2,125660,528,4848,194.3,194.7,194.2,194.7,34654.0
194.3,194.7,194.2,194.7,34654,529,4849,194.7,195.2,194.6,195.3,38591.0
194.7,195.3,194.6,195.2,38591,530,4850,195.1,194.8,194.6,195.2,82665.0
195.1,195.2,194.6,194.8,82665,531,4851,194.8,194.3,194.2,194.8,83063.0
194.8,194.8,194.2,194.3,83063,532,4852,194.4,194.5,194.2,194.5,39486.0
194.4,194.5,194.2,194.5,39486,533,4853,194.4,194.6,194.3,194.7,46817.0
194.4,194.7,194.3,194.6,46817,534,4854,194.6,194.6,194.4,194.7,10802.0
194.6,194.7,194.4,194.6,10802,535,4855,194.6,194.4,194.3,194.6,15268.0
194.6,194.6,194.3,194.4,15268,536,4856,194.3,194.6,194.3,194.7,15937.0
194.3,194.7,194.3,194.6,15937,537,4857,194.7,194.4,194.3,194.7,25709.0
194.7,194.7,194.3,194.4,25709,538,4858,194.4,194.1,194.1,194.5,40498.0
194.4,194.5,194.1,194.1,40498,539,4859,194.1,194.4,194.1,194.4,18353.0
194.1,194.4,194.1,194.4,18353,540,4860,194.3,194.6,194.3,194.6,20535.0
194.3,194.6,194.3,194.6,20535,541,4861,194.6,195.1,194.5,195.4,239002.0
194.6,195.4,194.5,195.1,239002,542,4862,195.1,195.1,195.0,195.4,35935.0
195.1,195.4,195.0,195.1,35935,543,4863,195.0,194.6,194.6,195.1,12031.0
195.0,195.1,194.6,194.6,12031,544,4864,194.7,194.3,194.3,194.9,29955.0
194.7,194.9,194.3,194.3,29955,545,4865,194.4,194.4,194.3,194.5,11943.0
194.4,194.5,194.3,194.4,11943,546,4866,194.4,194.2,194.2,194.5,34345.0
194.4,194.5,194.2,194.2,34345,547,4867,194.1,193.7,193.6,194.1,99403.0
194.1,194.1,193.6,193.7,99403,548,4868,193.7,194.0,193.5,194.0,57727.0
193.7,194.0,193.5,194.0,57727,549,4869,194.1,194.1,194.0,194.4,24919.0
194.1,194.4,194.0,194.1,24919,550,4870,194.2,194.0,194.0,194.2,60437.0
194.2,194.2,194.0,194.0,60437,551,4871,194.1,193.9,193.7,194.1,11567.0
194.1,194.1,193.7,193.9,11567,552,4872,193.7,193.5,193.4,193.9,32006.0
193.7,193.9,193.4,193.5,32006,553,4873,193.4,193.4,193.3,193.7,44852.0
193.4,193.7,193.3,193.4,44852,554,4874,193.5,193.6,193.4,193.8,21812.0
193.5,193.8,193.4,193.6,21812,555,4875,193.7,193.7,193.6,193.8,7396.0
193.7,193.8,193.6,193.7,7396,556,4876,193.7,193.8,193.6,193.8,17998.0
193.7,193.8,193.6,193.8,17998,557,4877,193.8,193.9,193.7,193.9,13171.0
193.8,193.9,193.7,193.9,13171,558,4878,193.9,193.9,193.7,194.1,50302.0
193.9,194.1,193.7,193.9,50302,559,4879,193.9,194.2,193.8,194.2,17611.0
193.9,194.2,193.8,194.2,17611,560,4880,194.2,194.3,194.0,194.5,61050.0
194.2,194.5,194.0,194.3,61050,561,4881,194.3,194.0,193.9,194.4,25279.0
194.3,194.4,193.9,194.0,25279,562,4882,193.9,193.6,193.5,194.0,30148.0
193.9,194.0,193.5,193.6,30148,563,4883,193.6,194.0,193.6,194.1,40539.0
193.6,194.1,193.6,194.0,40539,564,4884,194.1,194.2,193.9,194.2,20860.0
194.1,194.2,193.9,194.2,20860,565,4885,194.1,193.7,193.6,194.1,25150.0
194.1,194.1,193.6,193.7,25150,566,4886,194.1,193.7,193.6,194.1,25150.0
194.1,194.1,193.6,193.7,25150,566,4886,193.7,194.2,193.6,194.2,81990.0
193.7,194.2,193.6,194.2,81990,567,4887,194.0,194.2,193.9,194.4,59338.0
194.0,194.4,193.9,194.2,59338,568,4888,194.2,194.2,194.1,194.6,44298.0
194.2,194.6,194.1,194.2,44298,569,4889,194.2,194.0,193.8,194.2,18712.0
194.2,194.2,193.8,194.0,18712,570,4890,193.9,194.4,193.9,194.4,19070.0
193.9,194.4,193.9,194.4,19070,571,4891,194.3,194.2,194.0,194.3,4845.0
194.3,194.3,194.0,194.2,4845,572,4892,194.0,194.2,193.9,194.2,13661.0
194.0,194.2,193.9,194.2,13661,573,4893,194.2,194.0,193.8,194.2,22003.0
194.2,194.2,193.8,194.0,22003,574,4894,194.0,193.8,193.4,194.0,81568.0
194.0,194.0,193.4,193.8,81568,575,4895,193.5,193.1,193.1,193.7,70982.0
193.5,193.7,193.1,193.1,70982,576,4896,193.1,193.2,192.6,193.5,219688.0
193.1,193.5,192.6,193.2,219688,577,4897,193.1,193.3,193.1,193.4,13287.0
193.1,193.4,193.1,193.3,13287,578,4898,193.4,193.4,193.1,193.4,30108.0
193.4,193.4,193.1,193.4,30108,579,4899,193.3,193.0,192.9,193.3,25962.0
193.3,193.3,192.9,193.0,25962,580,4900,193.0,193.1,192.7,193.4,54578.0
193.0,193.4,192.7,193.1,54578,581,4901,193.1,193.0,192.8,193.2,17081.0
193.1,193.2,192.8,193.0,17081,582,4902,193.0,192.7,192.7,193.2,28693.0
193.0,193.2,192.7,192.7,28693,583,4903,192.7,192.9,192.7,192.9,28716.0
192.7,192.9,192.7,192.9,28716,584,4904,192.9,192.7,192.7,193.2,42239.0
192.9,193.2,192.7,192.7,42239,585,4905,193.0,193.0,192.8,193.1,8946.0
193.0,193.1,192.8,193.0,8946,586,4906,193.1,193.2,193.0,193.2,9214.0
193.1,193.2,193.0,193.2,9214,587,4907,193.2,192.9,192.7,193.2,11661.0
193.2,193.2,192.7,192.9,11661,588,4908,192.9,192.9,192.9,193.0,4828.0
192.9,193.0,192.9,192.9,4828,589,4909,192.9,193.4,192.9,193.4,38816.0
192.9,193.4,192.9,193.4,38816,590,4910,193.3,193.5,193.1,193.5,14643.0
193.3,193.5,193.1,193.5,14643,591,4911,193.5,193.3,193.2,193.5,4127.0
193.5,193.5,193.2,193.3,4127,592,4912,193.3,193.5,193.1,193.5,5110.0
193.3,193.5,193.1,193.5,5110,593,4913,193.5,193.5,193.3,193.5,5357.0
193.5,193.5,193.3,193.5,5357,594,4914,193.4,193.2,193.0,193.4,26313.0
193.4,193.4,193.0,193.2,26313,595,4915,193.2,193.3,193.1,193.3,5480.0
193.2,193.3,193.1,193.3,5480,596,4916,193.3,193.2,193.2,193.5,2886.0
193.3,193.5,193.2,193.2,2886,597,4917,193.3,193.4,193.2,193.4,3570.0
193.3,193.4,193.2,193.4,3570,598,4918,193.4,193.3,193.3,193.4,4360.0
193.4,193.4,193.3,193.3,4360,599,4919,193.3,193.2,193.1,193.3,4269.0
193.3,193.3,193.1,193.2,4269,600,4920,193.2,193.3,193.1,193.5,17607.0
193.2,193.5,193.1,193.3,17607,601,4921,193.4,193.4,193.1,193.5,9349.0
193.4,193.5,193.1,193.4,9349,602,4922,193.3,193.5,193.3,193.6,14884.0
193.3,193.6,193.3,193.5,14884,603,4923,193.5,193.6,193.3,193.6,12344.0
193.5,193.6,193.3,193.6,12344,604,4924,193.5,193.0,192.7,193.5,40278.0
193.5,193.5,192.7,193.0,40278,605,4925,193.1,193.3,193.0,193.3,4413.0
193.1,193.3,193.0,193.3,4413,606,4926,193.3,193.2,193.1,193.3,8136.0
193.3,193.3,193.1,193.2,8136,607,4927,193.2,193.1,193.1,193.3,754.0
193.2,193.3,193.1,193.1,754,608,4928,193.1,193.2,193.1,193.3,4671.0
193.1,193.3,193.1,193.2,4671,609,4929,193.2,193.3,193.1,193.3,1261.0
193.2,193.3,193.1,193.3,1261,610,4930,193.3,193.6,193.1,193.6,21789.0
193.3,193.6,193.1,193.6,21789,611,4931,193.6,194.0,193.6,194.4,102306.0
193.6,194.4,193.6,194.0,102306,612,4932,194.1,194.5,194.0,194.5,42150.0
194.1,194.5,194.0,194.5,42150,613,4933,194.5,194.8,194.4,194.9,38213.0
194.5,194.9,194.4,194.8,38213,614,4934,194.8,194.3,194.3,194.8,33687.0
194.8,194.8,194.3,194.3,33687,615,4935,194.4,194.7,194.3,194.7,23429.0
194.4,194.7,194.3,194.7,23429,616,4936,194.7,194.5,194.5,194.8,15939.0
194.7,194.8,194.5,194.5,15939,617,4937,194.6,194.6,194.4,194.8,30555.0
194.6,194.8,194.4,194.6,30555,618,4938,194.6,194.9,194.6,195.0,64721.0
194.6,195.0,194.6,194.9,64721,619,4939,194.9,195.1,194.8,195.2,54764.0
194.9,195.2,194.8,195.1,54764,620,4940,195.0,195.2,194.9,195.3,64851.0
195.0,195.3,194.9,195.2,64851,621,4941,195.2,194.7,194.6,195.2,43754.0
195.2,195.2,194.6,194.7,43754,622,4942,194.6,194.8,194.4,194.8,16654.0
194.6,194.8,194.4,194.8,16654,623,4943,194.6,194.8,194.6,194.8,6590.0
194.6,194.8,194.6,194.8,6590,624,4944,194.8,194.7,194.6,194.9,4885.0
194.8,194.9,194.6,194.7,4885,625,4945,194.8,194.8,194.7,194.8,4966.0
194.8,194.8,194.7,194.8,4966,626,4946,194.8,194.7,194.7,194.9,8423.0
194.8,194.9,194.7,194.7,8423,627,4947,194.7,194.6,194.6,194.8,9183.0
194.7,194.8,194.6,194.6,9183,628,4948,194.6,194.7,194.6,194.7,8838.0
194.6,194.7,194.6,194.7,8838,629,4949,194.6,194.5,194.4,194.7,13053.0
194.6,194.7,194.4,194.5,13053,630,4950,194.5,194.9,194.4,195.1,50934.0
194.5,195.1,194.4,194.9,50934,631,4951,194.9,194.8,194.7,194.9,7959.0
194.9,194.9,194.7,194.8,7959,632,4952,194.7,194.8,194.7,194.8,3266.0
194.7,194.8,194.7,194.8,3266,633,4953,194.7,194.5,194.4,194.7,15283.0
194.7,194.7,194.4,194.5,15283,634,4954,194.5,194.2,194.2,194.7,16182.0
194.5,194.7,194.2,194.2,16182,635,4955,194.3,194.1,194.0,194.3,17594.0
194.3,194.3,194.0,194.1,17594,636,4956,194.1,194.2,194.0,194.2,5009.0
194.1,194.2,194.0,194.2,5009,637,4957,194.1,194.1,194.0,194.3,19749.0
194.1,194.3,194.0,194.1,19749,638,4958,194.1,194.2,194.1,194.3,1733.0
194.1,194.3,194.1,194.2,1733,639,4959,194.1,194.3,194.1,194.5,21803.0
194.1,194.5,194.1,194.3,21803,640,4960,194.4,194.5,194.2,194.5,2794.0
194.4,194.5,194.2,194.5,2794,641,4961,194.4,194.4,194.3,194.4,533.0
194.4,194.4,194.3,194.4,533,642,4962,194.3,194.5,194.3,194.5,1522.0
194.3,194.5,194.3,194.5,1522,643,4963,194.5,194.5,194.3,194.5,1775.0
194.5,194.5,194.3,194.5,1775,644,4964,194.5,194.6,194.4,194.7,16861.0
194.5,194.7,194.4,194.6,16861,645,4965,194.7,194.8,194.5,194.9,29384.0
194.7,194.9,194.5,194.8,29384,646,4966,194.8,195.0,194.7,195.0,50120.0
194.8,195.0,194.7,195.0,50120,647,4967,195.1,195.1,194.9,195.1,8530.0
195.1,195.1,194.9,195.1,8530,648,4968,195.0,195.0,194.6,195.0,17968.0
195.0,195.0,194.6,195.0,17968,649,4969,194.9,194.6,194.5,195.0,10552.0
194.9,195.0,194.5,194.6,10552,650,4970,194.6,194.7,194.3,194.7,23486.0
194.6,194.7,194.3,194.7,23486,651,4971,194.7,195.0,194.6,195.0,40230.0
194.7,195.0,194.6,195.0,40230,652,4972,195.0,194.8,194.6,195.0,4211.0
195.0,195.0,194.6,194.8,4211,653,4973,194.7,194.8,194.6,194.8,5105.0
194.7,194.8,194.6,194.8,5105,654,4974,194.8,195.0,194.8,195.1,24004.0
194.8,195.1,194.8,195.0,24004,655,4975,195.0,195.6,194.9,195.8,169629.0
195.0,195.8,194.9,195.6,169629,656,4976,195.6,196.1,195.6,196.3,262669.0
195.6,196.3,195.6,196.1,262669,657,4977,196.1,196.0,195.6,196.3,46212.0
196.1,196.3,195.6,196.0,46212,658,4978,195.9,195.9,195.7,196.0,21575.0
195.9,196.0,195.7,195.9,21575,659,4979,195.9,196.4,195.9,196.4,92224.0
195.9,196.4,195.9,196.4,92224,660,4980,196.4,195.9,195.8,196.4,74383.0
196.4,196.4,195.8,195.9,74383,661,4981,195.8,195.9,195.7,196.0,15262.0
195.8,196.0,195.7,195.9,15262,662,4982,195.8,196.1,195.8,196.3,32380.0
195.8,196.3,195.8,196.1,32380,663,4983,196.0,196.2,195.4,196.2,73949.0
196.0,196.2,195.4,196.2,73949,664,4984,196.2,196.4,196.0,196.4,54844.0
196.2,196.4,196.0,196.4,54844,665,4985,196.3,196.2,195.9,196.4,89177.0
196.3,196.4,195.9,196.2,89177,666,4986,196.1,195.9,195.8,196.3,26096.0
196.1,196.3,195.8,195.9,26096,667,4987,195.9,195.9,195.8,196.2,20080.0
195.9,196.2,195.8,195.9,20080,668,4988,196.0,195.9,195.8,196.1,26353.0
196.0,196.1,195.8,195.9,26353,669,4989,195.9,196.0,195.6,196.0,32567.0
195.9,196.0,195.6,196.0,32567,670,4990,196.0,196.3,195.8,196.3,61027.0
196.0,196.3,195.8,196.3,61027,671,4991,196.3,196.0,195.8,196.3,18652.0
196.3,196.3,195.8,196.0,18652,672,4992,196.0,196.0,195.9,196.1,11227.0
196.0,196.1,195.9,196.0,11227,673,4993,196.0,195.9,195.8,196.1,16513.0
196.0,196.1,195.8,195.9,16513,674,4994,195.9,195.6,195.6,195.9,16660.0
195.9,195.9,195.6,195.6,16660,675,4995,195.6,195.5,195.3,195.7,45100.0
195.6,195.7,195.3,195.5,45100,676,4996,195.4,195.4,195.3,195.6,26617.0
195.4,195.6,195.3,195.4,26617,677,4997,195.4,195.5,195.1,195.5,46073.0
195.4,195.5,195.1,195.5,46073,678,4998,195.5,195.4,195.3,195.5,6586.0
195.5,195.5,195.3,195.4,6586,679,4999,195.4,195.5,195.3,195.5,8818.0
195.4,195.5,195.3,195.5,8818,680,5000,195.5,195.8,195.4,195.8,27391.0
195.5,195.8,195.4,195.8,27391,681,5001,195.8,195.9,195.6,196.0,28447.0
195.8,196.0,195.6,195.9,28447,682,5002,195.9,195.9,195.7,196.0,17297.0
195.9,196.0,195.7,195.9,17297,683,5003,195.9,195.6,195.5,195.9,6697.0
195.9,195.9,195.5,195.6,6697,684,5004,195.6,195.6,195.5,195.8,12865.0
195.6,195.8,195.5,195.6,12865,685,5005,195.6,195.8,195.5,195.9,12139.0
195.6,195.9,195.5,195.8,12139,686,5006,195.8,195.6,195.5,195.9,11183.0
195.8,195.9,195.5,195.6,11183,687,5007,195.6,195.8,195.4,195.8,12824.0
195.6,195.8,195.4,195.8,12824,688,5008,195.8,196.2,195.6,196.2,113953.0
195.8,196.2,195.6,196.2,113953,689,5009,196.2,195.9,195.7,196.2,24446.0
196.2,196.2,195.7,195.9,24446,690,5010,195.9,196.2,195.9,196.2,23565.0
195.9,196.2,195.9,196.2,23565,691,5011,196.2,195.8,195.6,196.2,20092.0
196.2,196.2,195.6,195.8,20092,692,5012,195.8,196.0,195.5,196.0,20570.0
195.8,196.0,195.5,196.0,20570,693,5013,195.9,196.0,195.9,196.0,27734.0
195.9,196.0,195.9,196.0,27734,694,5014,195.9,196.0,195.9,196.0,9454.0
195.9,196.0,195.9,196.0,9454,695,5015,196.0,195.8,195.6,196.0,11650.0
196.0,196.0,195.6,195.8,11650,696,5016,195.6,195.6,195.5,195.8,29549.0
195.6,195.8,195.5,195.6,29549,697,5017,195.6,195.8,195.5,195.8,10323.0
195.6,195.8,195.5,195.8,10323,698,5018,195.6,195.4,195.4,195.6,16348.0
195.6,195.6,195.4,195.4,16348,699,5019,195.4,195.5,195.4,195.6,8560.0
195.4,195.6,195.4,195.5,8560,700,5020,195.6,195.8,195.5,195.8,23501.0
195.6,195.8,195.5,195.8,23501,701,5021,195.6,195.7,195.6,195.8,6118.0
195.6,195.8,195.6,195.7,6118,702,5022,195.6,195.6,195.6,195.7,7714.0
195.6,195.7,195.6,195.6,7714,703,5023,195.5,194.7,194.6,195.6,169401.0
195.5,195.6,194.6,194.7,169401,704,5024,194.7,195.1,194.7,195.3,80492.0
194.7,195.3,194.7,195.1,80492,705,5025,195.1,194.8,194.5,195.2,58052.0
195.1,195.2,194.5,194.8,58052,706,5026,194.7,194.7,194.5,194.9,21911.0
194.7,194.9,194.5,194.7,21911,707,5027,194.7,194.4,194.4,194.7,39311.0
194.7,194.7,194.4,194.4,39311,708,5028,194.5,194.5,194.4,194.6,13238.0
194.5,194.6,194.4,194.5,13238,709,5029,194.5,194.5,194.2,194.6,45094.0
194.5,194.6,194.2,194.5,45094,710,5030,194.4,194.6,194.4,195.0,45402.0
194.4,195.0,194.4,194.6,45402,711,5031,194.6,194.9,194.6,194.9,9903.0
194.6,194.9,194.6,194.9,9903,712,5032,194.8,194.9,194.7,195.0,15708.0
194.8,195.0,194.7,194.9,15708,713,5033,194.7,195.0,194.7,195.1,19567.0
194.7,195.1,194.7,195.0,19567,714,5034,195.0,194.8,194.7,195.1,22192.0
195.0,195.1,194.7,194.8,22192,715,5035,194.7,195.0,194.7,195.0,15259.0
194.7,195.0,194.7,195.0,15259,716,5036,195.0,194.7,194.7,195.0,13725.0
195.0,195.0,194.7,194.7,13725,717,5037,194.7,194.9,194.7,194.9,3115.0
194.7,194.9,194.7,194.9,3115,718,5038,194.9,194.8,194.8,195.0,5441.0
194.9,195.0,194.8,194.8,5441,719,5039,194.9,195.2,194.8,195.2,26227.0
194.9,195.2,194.8,195.2,26227,720,5040,195.2,195.1,194.8,195.2,9375.0
195.2,195.2,194.8,195.1,9375,721,5041,195.1,195.1,194.9,195.1,2175.0
195.1,195.1,194.9,195.1,2175,722,5042,195.0,195.2,194.9,195.3,10870.0
195.0,195.3,194.9,195.2,10870,723,5043,195.2,195.2,195.1,195.3,341.0
195.2,195.3,195.1,195.2,341,724,5044,195.2,195.2,195.1,195.4,48221.0
195.2,195.4,195.1,195.2,48221,725,5045,195.2,195.3,195.1,195.3,5710.0
195.2,195.3,195.1,195.3,5710,726,5046,195.1,194.8,194.8,195.2,14240.0
195.1,195.2,194.8,194.8,14240,727,5047,194.8,195.0,194.7,195.1,14095.0
194.8,195.1,194.7,195.0,14095,728,5048,194.9,194.8,194.7,195.0,15897.0
194.9,195.0,194.7,194.8,15897,729,5049,194.8,194.7,194.7,194.9,9168.0
194.8,194.9,194.7,194.7,9168,730,5050,194.8,195.0,194.7,195.0,6813.0
194.8,195.0,194.7,195.0,6813,731,5051,194.8,195.0,194.7,195.0,7188.0
194.8,195.0,194.7,195.0,7188,732,5052,194.8,195.1,194.8,195.2,17151.0
194.8,195.2,194.8,195.1,17151,733,5053,194.9,194.8,194.7,194.9,6106.0
194.9,194.9,194.7,194.8,6106,734,5054,194.8,194.8,194.7,194.9,931.0
194.8,194.9,194.7,194.8,931,735,5055,194.9,194.8,194.7,194.9,11481.0
194.9,194.9,194.7,194.8,11481,736,5056,194.9,194.6,194.6,194.9,35022.0
194.9,194.9,194.6,194.6,35022,737,5057,194.6,194.4,194.1,194.7,63788.0
194.6,194.7,194.1,194.4,63788,738,5058,194.3,194.6,194.1,194.6,18770.0
194.3,194.6,194.1,194.6,18770,739,5059,194.4,194.5,194.3,194.6,10728.0
194.4,194.6,194.3,194.5,10728,740,5060,194.5,194.1,193.8,194.5,84265.0
194.5,194.5,193.8,194.1,84265,741,5061,194.0,194.2,193.9,194.2,20102.0
194.0,194.2,193.9,194.2,20102,742,5062,194.2,194.3,194.0,194.3,12701.0
194.2,194.3,194.0,194.3,12701,743,5063,194.3,194.5,194.2,194.5,13282.0
194.3,194.5,194.2,194.5,13282,744,5064,194.5,194.3,194.2,194.5,7496.0
194.5,194.5,194.2,194.3,7496,745,5065,194.3,194.3,194.2,194.6,11275.0
194.3,194.6,194.2,194.3,11275,746,5066,194.5,194.4,194.3,194.6,5939.0
194.5,194.6,194.3,194.4,5939,747,5067,194.5,194.5,194.3,194.5,5200.0
194.5,194.5,194.3,194.5,5200,748,5068,194.5,194.5,194.4,194.5,6699.0
194.5,194.5,194.4,194.5,6699,749,5069,194.5,194.5,194.4,194.5,2645.0
194.5,194.5,194.4,194.5,2645,750,5070,194.5,194.6,194.4,194.6,4732.0
194.5,194.6,194.4,194.6,4732,751,5071,194.6,194.7,194.6,194.7,1780.0
194.6,194.7,194.6,194.7,1780,752,5072,194.7,195.0,194.7,195.2,27975.0
194.7,195.2,194.7,195.0,27975,753,5073,195.0,195.0,194.9,195.3,13185.0
195.0,195.3,194.9,195.0,13185,754,5074,195.2,195.1,195.0,195.2,2013.0
195.2,195.2,195.0,195.1,2013,755,5075,195.1,194.9,194.9,195.1,2640.0
195.1,195.1,194.9,194.9,2640,756,5076,194.9,194.8,194.5,194.9,8092.0
194.9,194.9,194.5,194.8,8092,757,5077,194.8,194.8,194.6,194.9,2952.0
194.8,194.9,194.6,194.8,2952,758,5078,194.8,194.6,194.6,194.9,5113.0
194.8,194.9,194.6,194.6,5113,759,5079,194.8,194.7,194.6,194.9,1132.0
194.8,194.9,194.6,194.7,1132,760,5080,194.7,194.5,194.5,194.8,28529.0
194.7,194.8,194.5,194.5,28529,761,5081,194.5,194.7,194.5,194.7,4922.0
194.5,194.7,194.5,194.7,4922,762,5082,194.5,194.6,194.5,194.7,2822.0
194.5,194.7,194.5,194.6,2822,763,5083,194.6,194.7,194.5,194.7,3183.0
194.6,194.7,194.5,194.7,3183,764,5084,194.8,194.8,194.5,194.8,3707.0
194.8,194.8,194.5,194.8,3707,765,5085,194.7,194.5,194.5,194.7,626.0
194.7,194.7,194.5,194.5,626,766,5086,194.5,194.5,194.3,194.6,15912.0
194.5,194.6,194.3,194.5,15912,767,5087,194.5,194.4,194.4,194.7,3786.0
194.5,194.7,194.4,194.4,3786,768,5088,194.6,194.6,194.4,194.7,1518.0
194.6,194.7,194.4,194.6,1518,769,5089,194.5,194.5,194.3,194.7,6968.0
194.5,194.7,194.3,194.5,6968,770,5090,194.5,194.5,194.5,194.6,748.0
194.5,194.6,194.5,194.5,748,771,5091,194.5,194.4,194.4,194.5,2730.0
194.5,194.5,194.4,194.4,2730,772,5092,194.4,194.5,194.4,194.7,4813.0
194.4,194.7,194.4,194.5,4813,773,5093,194.5,194.4,194.4,194.7,2960.0
194.5,194.7,194.4,194.4,2960,774,5094,194.4,194.6,194.4,194.6,856.0
194.4,194.6,194.4,194.6,856,775,5095,194.5,194.6,194.3,194.6,5261.0
194.5,194.6,194.3,194.6,5261,776,5096,194.4,194.3,194.3,194.4,9870.0
194.4,194.4,194.3,194.3,9870,777,5097,194.4,194.4,194.3,194.6,4781.0
194.4,194.6,194.3,194.4,4781,778,5098,194.5,194.4,194.4,194.5,921.0
194.5,194.5,194.4,194.4,921,779,5099,194.5,194.2,194.2,194.5,7381.0
194.5,194.5,194.2,194.2,7381,780,5100,194.2,194.1,194.1,194.3,7653.0
194.2,194.3,194.1,194.1,7653,781,5101,194.1,194.2,193.9,194.3,35694.0
194.1,194.3,193.9,194.2,35694,782,5102,194.4,194.2,194.1,194.4,10757.0
194.4,194.4,194.1,194.2,10757,783,5103,194.2,194.5,194.2,194.5,13063.0
194.2,194.5,194.2,194.5,13063,784,5104,194.5,194.1,194.1,194.5,15197.0
194.5,194.5,194.1,194.1,15197,785,5105,194.1,193.9,193.8,194.1,44868.0
194.1,194.1,193.8,193.9,44868,786,5106,193.9,193.8,193.8,194.1,4518.0
193.9,194.1,193.8,193.8,4518,787,5107,193.8,194.1,193.8,194.1,5171.0
193.8,194.1,193.8,194.1,5171,788,5108,194.0,193.9,193.8,194.1,2733.0
194.0,194.1,193.8,193.9,2733,789,5109,193.9,194.1,193.9,194.2,2805.0
193.9,194.2,193.9,194.1,2805,790,5110,194.2,194.2,194.1,194.2,809.0
194.2,194.2,194.1,194.2,809,791,5111,194.2,194.3,194.1,194.3,819.0
194.2,194.3,194.1,194.3,819,792,5112,194.3,194.4,194.2,194.5,4456.0
194.3,194.5,194.2,194.4,4456,793,5113,194.4,194.3,194.3,194.5,2894.0
194.4,194.5,194.3,194.3,2894,794,5114,194.4,194.1,194.1,194.4,6078.0
194.4,194.4,194.1,194.1,6078,795,5115,194.3,194.2,194.0,194.3,3316.0
194.3,194.3,194.0,194.2,3316,796,5116,194.2,193.9,193.9,194.2,5959.0
194.2,194.2,193.9,193.9,5959,797,5117,194.0,194.1,193.9,194.1,7270.0
194.0,194.1,193.9,194.1,7270,798,5118,194.0,194.1,194.0,194.2,3852.0
194.0,194.2,194.0,194.1,3852,799,5119,194.0,194.0,194.0,194.1,608.0
194.0,194.1,194.0,194.0,608,800,5120,194.1,194.2,194.0,194.2,2677.0
194.1,194.2,194.0,194.2,2677,801,5121,194.2,194.2,194.0,194.2,3489.0
194.2,194.2,194.0,194.2,3489,802,5122,194.2,194.1,194.0,194.2,6129.0
194.2,194.2,194.0,194.1,6129,803,5123,194.1,194.4,194.1,194.4,10167.0
194.1,194.4,194.1,194.4,10167,804,5124,194.4,194.7,194.3,194.7,16337.0
194.4,194.7,194.3,194.7,16337,805,5125,194.5,194.6,194.5,194.7,890.0
194.5,194.7,194.5,194.6,890,806,5126,194.7,194.5,194.5,194.7,2711.0
194.7,194.7,194.5,194.5,2711,807,5127,194.7,194.8,194.5,194.8,7098.0
194.7,194.8,194.5,194.8,7098,808,5128,194.8,194.7,194.6,194.8,2938.0
194.8,194.8,194.6,194.7,2938,809,5129,194.8,194.9,194.7,194.9,7622.0
194.8,194.9,194.7,194.9,7622,810,5130,194.8,194.9,194.8,194.9,3591.0
194.8,194.9,194.8,194.9,3591,811,5131,194.9,195.5,194.8,195.7,135743.0
194.9,195.7,194.8,195.5,135743,812,5132,195.6,195.4,195.3,195.7,19038.0
195.6,195.7,195.3,195.4,19038,813,5133,195.4,195.2,195.1,195.4,6023.0
195.4,195.4,195.1,195.2,6023,814,5134,195.3,195.1,194.9,195.3,15665.0
195.3,195.3,194.9,195.1,15665,815,5135,195.0,195.0,194.9,195.3,20342.0
195.0,195.3,194.9,195.0,20342,816,5136,195.2,195.3,195.0,195.3,3097.0
195.2,195.3,195.0,195.3,3097,817,5137,195.1,195.2,195.0,195.2,3194.0
195.1,195.2,195.0,195.2,3194,818,5138,195.2,195.2,195.0,195.2,3984.0
195.2,195.2,195.0,195.2,3984,819,5139,195.1,195.2,194.9,195.2,7467.0
195.1,195.2,194.9,195.2,7467,820,5140,195.1,195.8,195.1,195.8,74314.0
195.1,195.8,195.1,195.8,74314,821,5141,195.8,196.0,195.6,196.1,196302.0
195.8,196.1,195.6,196.0,196302,822,5142,196.0,195.8,195.7,196.0,38263.0
196.0,196.0,195.7,195.8,38263,823,5143,195.7,195.7,195.6,195.9,13794.0
195.7,195.9,195.6,195.7,13794,824,5144,195.7,196.5,195.5,196.8,244635.0
195.7,196.8,195.5,196.5,244635,825,5145,196.4,196.5,196.0,196.7,87149.0
196.4,196.7,196.0,196.5,87149,826,5146,196.5,196.6,196.2,196.8,93534.0
196.5,196.8,196.2,196.6,93534,827,5147,196.6,196.4,196.0,196.7,108394.0
196.6,196.7,196.0,196.4,108394,828,5148,196.4,196.4,196.1,196.4,17967.0
196.4,196.4,196.1,196.4,17967,829,5149,196.3,196.2,196.0,196.4,21021.0
196.3,196.4,196.0,196.2,21021,830,5150,196.2,196.3,196.0,196.4,44847.0
196.2,196.4,196.0,196.3,44847,831,5151,196.1,196.5,195.9,196.6,60133.0
196.1,196.6,195.9,196.5,60133,832,5152,196.4,196.1,196.1,196.5,12178.0
196.4,196.5,196.1,196.1,12178,833,5153,196.1,196.4,196.0,196.4,22351.0
196.1,196.4,196.0,196.4,22351,834,5154,196.4,196.7,196.4,196.9,106332.0
196.4,196.9,196.4,196.7,106332,835,5155,196.8,196.6,196.4,196.8,28975.0
196.8,196.8,196.4,196.6,28975,836,5156,196.7,196.6,196.3,196.7,29483.0
196.7,196.7,196.3,196.6,29483,837,5157,196.5,196.5,196.3,196.6,27110.0
196.5,196.6,196.3,196.5,27110,838,5158,196.5,196.5,196.2,196.7,58831.0
196.5,196.7,196.2,196.5,58831,839,5159,196.5,196.3,196.1,196.5,21719.0
196.5,196.5,196.1,196.3,21719,840,5160,196.3,196.5,196.2,196.6,32573.0
196.3,196.6,196.2,196.5,32573,841,5161,196.6,196.4,196.3,196.7,17549.0
196.6,196.7,196.3,196.4,17549,842,5162,196.5,196.4,196.4,196.6,23147.0
196.5,196.6,196.4,196.4,23147,843,5163,196.4,196.3,196.2,196.5,24122.0
196.4,196.5,196.2,196.3,24122,844,5164,196.3,196.4,196.3,196.6,14610.0
196.3,196.6,196.3,196.4,14610,845,5165,196.4,196.4,196.3,196.6,11737.0
196.4,196.6,196.3,196.4,11737,846,5166,196.3,196.3,196.3,196.4,8034.0
196.3,196.4,196.3,196.3,8034,847,5167,196.3,196.3,196.2,196.4,13337.0
196.3,196.4,196.2,196.3,13337,848,5168,196.3,196.7,196.2,196.7,49221.0
196.3,196.7,196.2,196.7,49221,849,5169,196.7,197.0,196.6,197.3,196300.0
196.7,197.3,196.6,197.0,196300,850,5170,197.0,197.1,196.8,197.2,70574.0
197.0,197.2,196.8,197.1,70574,851,5171,197.1,196.8,196.6,197.2,61447.0
197.1,197.2,196.6,196.8,61447,852,5172,196.8,197.0,196.7,197.0,34916.0
196.8,197.0,196.7,197.0,34916,853,5173,197.0,196.9,196.8,197.1,25005.0
197.0,197.1,196.8,196.9,25005,854,5174,196.9,196.8,196.6,197.0,37402.0
196.9,197.0,196.6,196.8,37402,855,5175,196.8,196.7,196.6,196.8,12132.0
196.8,196.8,196.6,196.7,12132,856,5176,196.8,196.8,196.6,196.8,15581.0
196.8,196.8,196.6,196.8,15581,857,5177,196.8,196.5,196.4,196.8,62843.0
196.8,196.8,196.4,196.5,62843,858,5178,196.5,196.5,196.3,196.7,45598.0
196.5,196.7,196.3,196.5,45598,859,5179,196.4,196.4,196.4,196.7,13851.0
196.4,196.7,196.4,196.4,13851,860,5180,196.6,196.6,196.4,196.6,11857.0
196.6,196.6,196.4,196.6,11857,861,5181,196.6,196.6,196.4,196.7,11693.0
196.6,196.7,196.4,196.6,11693,862,5182,196.6,196.3,196.3,196.6,11010.0
196.6,196.6,196.3,196.3,11010,863,5183,196.3,196.2,196.2,196.4,11866.0
196.3,196.4,196.2,196.2,11866,864,5184,196.2,196.4,196.2,196.4,16665.0
196.2,196.4,196.2,196.4,16665,865,5185,196.4,196.4,196.2,196.5,30047.0
196.4,196.5,196.2,196.4,30047,866,5186,196.4,196.4,196.3,196.6,12853.0
196.4,196.6,196.3,196.4,12853,867,5187,196.5,196.8,196.3,196.8,48542.0
196.5,196.8,196.3,196.8,48542,868,5188,196.7,196.6,196.5,196.7,11842.0
196.7,196.7,196.5,196.6,11842,869,5189,196.6,196.4,196.3,196.6,6618.0
196.6,196.6,196.3,196.4,6618,870,5190,196.3,196.4,196.3,196.5,8360.0
196.3,196.5,196.3,196.4,8360,871,5191,196.4,196.1,195.7,196.4,189972.0
196.4,196.4,195.7,196.1,189972,872,5192,196.1,196.1,195.9,196.1,36930.0
196.1,196.1,195.9,196.1,36930,873,5193,196.1,196.0,196.0,196.2,15046.0
196.1,196.2,196.0,196.0,15046,874,5194,196.1,196.1,196.0,196.1,5550.0
196.1,196.1,196.0,196.1,5550,875,5195,196.0,196.2,196.0,196.2,9593.0
196.0,196.2,196.0,196.2,9593,876,5196,196.1,196.2,196.0,196.2,6745.0
196.1,196.2,196.0,196.2,6745,877,5197,196.2,196.5,196.2,196.5,21851.0
196.2,196.5,196.2,196.5,21851,878,5198,196.4,196.5,196.4,196.5,8974.0
196.4,196.5,196.4,196.5,8974,879,5199,196.5,196.4,196.4,196.5,17926.0
196.5,196.5,196.4,196.4,17926,880,5200,196.5,196.4,196.3,196.5,7769.0
196.5,196.5,196.3,196.4,7769,881,5201,196.4,196.4,196.3,196.5,5969.0
196.4,196.5,196.3,196.4,5969,882,5202,196.4,196.1,196.1,196.5,15259.0
196.4,196.5,196.1,196.1,15259,883,5203,196.3,196.1,196.1,196.3,4705.0
196.3,196.3,196.1,196.1,4705,884,5204,196.1,195.9,195.6,196.4,69978.0
196.1,196.4,195.6,195.9,69978,885,5205,195.9,196.0,195.7,196.0,18849.0
195.9,196.0,195.7,196.0,18849,886,5206,195.9,196.2,195.8,196.2,12381.0
195.9,196.2,195.8,196.2,12381,887,5207,195.9,196.1,195.9,196.2,4985.0
195.9,196.2,195.9,196.1,4985,888,5208,196.1,196.0,195.9,196.2,1243.0
196.1,196.2,195.9,196.0,1243,889,5209,196.0,195.9,195.9,196.2,7122.0
196.0,196.2,195.9,195.9,7122,890,5210,195.9,196.0,195.8,196.1,10154.0
195.9,196.1,195.8,196.0,10154,891,5211,196.0,196.3,195.9,196.4,19190.0
196.0,196.4,195.9,196.3,19190,892,5212,196.3,196.5,196.2,196.5,25958.0
196.3,196.5,196.2,196.5,25958,893,5213,196.5,196.4,196.3,196.5,10542.0
196.5,196.5,196.3,196.4,10542,894,5214,196.3,196.2,196.2,196.4,7015.0
196.3,196.4,196.2,196.2,7015,895,5215,196.4,196.9,196.2,197.0,162882.0
196.4,197.0,196.2,196.9,162882,896,5216,196.9,196.8,196.6,197.0,64118.0
196.9,197.0,196.6,196.8,64118,897,5217,196.8,196.8,196.6,196.9,37280.0
196.8,196.9,196.6,196.8,37280,898,5218,196.8,196.9,196.6,196.9,34616.0
196.8,196.9,196.6,196.9,34616,899,5219,196.8,196.3,196.1,196.8,81147.0
196.8,196.8,196.1,196.3,81147,900,5220,196.4,196.5,196.2,196.5,42484.0
196.4,196.5,196.2,196.5,42484,901,5221,196.5,196.8,196.4,196.8,29356.0
196.5,196.8,196.4,196.8,29356,902,5222,196.8,196.5,196.4,196.8,7886.0
196.8,196.8,196.4,196.5,7886,903,5223,196.6,196.6,196.4,196.7,13287.0
196.6,196.7,196.4,196.6,13287,904,5224,196.6,196.4,196.3,196.7,9093.0
196.6,196.7,196.3,196.4,9093,905,5225,196.4,196.4,196.3,196.6,10096.0
196.4,196.6,196.3,196.4,10096,906,5226,196.5,196.6,196.3,196.6,5353.0
196.5,196.6,196.3,196.6,5353,907,5227,196.6,196.5,196.4,196.7,5382.0
196.6,196.7,196.4,196.5,5382,908,5228,196.5,196.6,196.4,196.7,8514.0
196.5,196.7,196.4,196.6,8514,909,5229,196.6,196.6,196.5,196.7,2481.0
196.6,196.7,196.5,196.6,2481,910,5230,196.6,196.6,196.5,196.7,10293.0
196.6,196.7,196.5,196.6,10293,911,5231,196.6,196.6,196.5,196.7,2653.0
196.6,196.7,196.5,196.6,2653,912,5232,196.5,196.5,196.5,196.7,5164.0
196.5,196.7,196.5,196.5,5164,913,5233,196.6,196.6,196.5,196.7,12004.0
196.6,196.7,196.5,196.6,12004,914,5234,196.6,196.5,196.4,196.7,5163.0
196.6,196.7,196.4,196.5,5163,915,5235,196.6,196.7,196.6,196.8,9506.0
196.6,196.8,196.6,196.7,9506,916,5236,196.7,196.8,196.6,196.8,19555.0
196.7,196.8,196.6,196.8,19555,917,5237,196.8,197.0,196.6,197.1,91552.0
196.8,197.1,196.6,197.0,91552,918,5238,197.1,197.2,196.9,197.4,159453.0
197.1,197.4,196.9,197.2,159453,919,5239,197.2,197.2,196.9,197.3,36577.0
197.2,197.3,196.9,197.2,36577,920,5240,197.3,197.1,197.1,197.4,91189.0
197.3,197.4,197.1,197.1,91189,921,5241,197.1,197.1,197.0,197.3,21883.0
197.1,197.3,197.0,197.1,21883,922,5242,197.1,197.2,196.7,197.2,41503.0
197.1,197.2,196.7,197.2,41503,923,5243,197.0,197.2,196.9,197.3,36420.0
197.0,197.3,196.9,197.2,36420,924,5244,197.2,197.0,196.9,197.2,23170.0
197.2,197.2,196.9,197.0,23170,925,5245,197.1,197.1,197.0,197.1,4567.0
197.1,197.1,197.0,197.1,4567,926,5246,197.0,197.2,197.0,197.2,18862.0
197.0,197.2,197.0,197.2,18862,927,5247,197.1,197.2,197.0,197.2,9784.0
197.1,197.2,197.0,197.2,9784,928,5248,197.2,197.0,196.9,197.2,39418.0
197.2,197.2,196.9,197.0,39418,929,5249,197.0,196.9,196.7,197.0,17398.0
197.0,197.0,196.7,196.9,17398,930,5250,196.8,196.9,196.7,197.0,11742.0
196.8,197.0,196.7,196.9,11742,931,5251,197.0,197.0,196.8,197.1,21219.0
197.0,197.1,196.8,197.0,21219,932,5252,197.0,197.1,196.7,197.1,15747.0
197.0,197.1,196.7,197.1,15747,933,5253,197.1,197.1,196.8,197.1,16395.0
197.1,197.1,196.8,197.1,16395,934,5254,197.0,196.6,196.3,197.1,141585.0
197.0,197.1,196.3,196.6,141585,935,5255,196.6,196.6,196.4,196.8,32509.0
196.6,196.8,196.4,196.6,32509,936,5256,196.8,196.9,196.5,196.9,13020.0
196.8,196.9,196.5,196.9,13020,937,5257,196.9,197.0,196.8,197.1,73646.0
196.9,197.1,196.8,197.0,73646,938,5258,197.0,196.8,196.5,197.1,31345.0
